0.7	0.1	1.51	lifetime	0.000104
42	41	45.9	freq1	0.022185
0.01	0.0	0.08	height1	0.00011
43	41	45.9	freq2	0.018857
0.01	0.0	0.08	height2	0.000015
47	46	50.9	freq3	0.018857
0.01	0.0	0.08	height3	0.000020
48	46	50.9	freq4	0.022185
0.01	0.0	0.08	height4	0.000017
52	51	54.9	freq5	0.026100
0.01	0.0	0.08	height5	0.000020
53	51	54.9	freq6	0.030706
0.01	0.0	0.08	height6	0.000017
56	55	58.9	freq7	0.026100
0.01	0.0	0.08	height7	0.000013
57	55	58.9	freq8	0.026100
0.01	0.0	0.08	height8	0.000013
60	59	63.4	freq9	0.022185
0.01	0.0	0.08	height9	0.000015
61	59	63.4	freq10	0.026100
0.01	0.0	0.08	height10	0.000013
65	63.5	67.9	freq11	0.0261
0.01	0.0	0.08	height11	0.000013
66	63.5	67.9	freq12	0.0261
0.01	0.0	0.08	height12	0.000015
70	68	71.9	freq13	0.030706
0.01	0.0	0.08	height13	0.000020
71	68	71.9	freq14	0.030706
0.01	0.0	0.08	height14	0.000017
73	72	76.4	freq15	0.0261
0.01	0.0	0.08	height15	0.000013
74	72	76.4	freq16	0.0261
0.01	0.0	0.08	height16	0.000024
78	76.5	80.9	freq17	0.026100
0.01	0.0	0.08	height17	0.000011
79	76.5	80.9	freq18	0.022185
0.01	0.0	0.08	height18	0.000015
83	81	86	freq19	0.018857
0.01	0.0	0.08	height19	0.000013
84	81	86	freq20	0.022185
0.01	0.0	0.08	height20	0.000075
